------iteration 0 ---------
xit,yit
5 -5
[32, 32, 32, 31, 32, 32, 32, 32, 32, 31, 31, 32, 32, 32, 31, 31, 31, 31, 30, 29, 30, 29, 28, 28, 27, 27, 25, 25, 25, 25, 24, 24, 23, 23, 22, 22, 21, 21, 19, 19, 19, 19, 19, 17, 17, 17, 16, 17, 15, 14, 14, 14, 13, 12, 12, 11, 11, 10, 28, 9, 9, 29, 8, 31]
left945
right551
offset-7.23297730307
P  -7.23297730307
offset  -7.23297730307
------iteration 1 ---------
xit,yit
5 -5
[31, 32, 31, 26, 30, 29, 31, 28, 30, 31, 32, 31, 31, 32, 29, 31, 29, 31, 29, 27, 29, 29, 28, 28, 27, 27, 26, 26, 25, 25, 24, 24, 23, 23, 22, 22, 21, 21, 20, 0, 19, 19, 19, 18, 17, 17, 16, 17, 15, 14, 13, 14, 13, 12, 13, 10, 11, 10, 10, 9, 9, 28, 8, 31]
left919
right514
offset-7.76132404181
P  -7.76132404181
offset  -14.9943013449
------iteration 2 ---------
xit,yit
5 -5
[32, 32, 29, 26, 30, 26, 29, 28, 29, 30, 30, 31, 32, 30, 28, 28, 29, 29, 28, 27, 28, 29, 28, 27, 27, 28, 26, 24, 25, 25, 24, 24, 23, 23, 22, 22, 20, 20, 20, 0, 19, 19, 19, 18, 17, 17, 16, 17, 15, 14, 13, 13, 13, 12, 13, 12, 11, 10, 26, 9, 9, 28, 8, 28]
left898
right526
offset-7.17391304348
P  -7.17391304348
offset  -22.0958846153
------iteration 3 ---------
xit,yit
5 -5
[32, 31, 29, 29, 29, 27, 29, 29, 30, 32, 29, 30, 31, 30, 30, 30, 29, 29, 28, 28, 8, 29, 27, 28, 27, 27, 26, 25, 25, 25, 24, 24, 23, 23, 22, 22, 21, 20, 20, 19, 19, 19, 19, 18, 17, 17, 16, 17, 15, 14, 13, 14, 13, 12, 13, 11, 11, 10, 28, 29, 9, 29, 8, 30]
left886
right571
offset-5.9372858122
P  -5.9372858122
offset  -27.8839507118
------iteration 4 ---------
xit,yit
5 -5
[31, 32, 29, 26, 32, 27, 30, 30, 30, 31, 30, 30, 31, 31, 30, 31, 29, 29, 30, 29, 29, 29, 28, 28, 27, 28, 26, 25, 25, 25, 24, 24, 23, 23, 22, 22, 21, 21, 20, 18, 19, 19, 19, 18, 17, 17, 16, 17, 15, 14, 13, 14, 13, 12, 13, 12, 11, 10, 28, 28, 9, 27, 8, 31]
left916
right570
offset-6.39448924731
P  -6.39448924731
offset  -34.0589733101
------iteration 5 ---------
xit,yit
5 -5
[32, 31, 31, 30, 32, 29, 32, 18, 31, 31, 31, 30, 29, 31, 29, 29, 30, 30, 29, 29, 10, 29, 25, 26, 26, 27, 26, 25, 25, 25, 24, 24, 23, 23, 21, 22, 21, 21, 19, 0, 17, 19, 19, 18, 17, 17, 16, 17, 15, 14, 13, 14, 13, 12, 13, 12, 11, 10, 10, 28, 9, 24, 20, 30]
left886
right538
offset-6.7110799439
P  -6.7110799439
offset  -40.4934084134
------iteration 6 ---------
xit,yit
5 -5
[32, 32, 31, 30, 31, 31, 32, 30, 30, 31, 30, 30, 31, 29, 29, 31, 30, 30, 28, 28, 27, 28, 27, 26, 27, 27, 26, 25, 25, 25, 24, 24, 23, 23, 22, 22, 21, 21, 19, 0, 18, 19, 19, 18, 17, 17, 16, 17, 15, 14, 14, 14, 13, 12, 13, 12, 11, 10, 28, 28, 9, 28, 27, 31]
left917
right571
offset-6.38590604027
P  -6.38590604027
offset  -46.541491169
------iteration 7 ---------
xit,yit
5 -5
[32, 32, 30, 31, 31, 13, 31, 30, 30, 32, 30, 30, 31, 31, 29, 31, 27, 30, 27, 28, 27, 29, 27, 28, 27, 27, 25, 25, 25, 25, 24, 24, 23, 23, 22, 22, 21, 21, 20, 0, 19, 19, 19, 18, 17, 17, 16, 17, 15, 14, 14, 14, 12, 12, 13, 12, 11, 10, 29, 29, 9, 28, 8, 29]
left899
right553
offset-6.54401650619
P  -6.54401650619
offset  -52.6839518239
------iteration 8 ---------
xit,yit
5 -5
[32, 32, 32, 30, 32, 32, 31, 29, 29, 32, 30, 31, 30, 30, 29, 30, 29, 28, 30, 27, 28, 28, 27, 26, 26, 27, 25, 25, 25, 25, 24, 24, 23, 23, 22, 22, 21, 21, 20, 0, 18, 19, 19, 18, 17, 17, 16, 17, 15, 14, 13, 14, 13, 12, 13, 12, 11, 10, 10, 29, 27, 23, 28, 31]
left915
right568
offset-6.42592592593
P  -6.42592592593
offset  -58.6484783966
------iteration 9 ---------
xit,yit
5 -5
[32, 32, 32, 28, 31, 31, 32, 31, 30, 32, 30, 30, 29, 30, 13, 29, 29, 29, 28, 27, 10, 29, 28, 26, 27, 27, 26, 25, 25, 25, 24, 24, 23, 23, 21, 22, 21, 21, 19, 0, 18, 19, 18, 18, 17, 17, 16, 17, 15, 14, 13, 13, 13, 12, 13, 12, 11, 10, 10, 28, 28, 29, 28, 30]
left881
right569
offset-5.90909090909
P  -5.90909090909
offset  -64.035343781
------iteration 10 ---------
xit,yit
5 -5
[32, 32, 31, 28, 31, 30, 32, 30, 29, 31, 30, 30, 12, 30, 13, 30, 30, 30, 28, 29, 27, 28, 27, 26, 27, 27, 26, 25, 24, 25, 23, 24, 23, 23, 21, 22, 21, 21, 20, 0, 18, 19, 18, 18, 17, 17, 16, 17, 15, 14, 13, 13, 13, 11, 13, 12, 11, 10, 28, 28, 9, 23, 28, 31]
left877
right563
offset-5.98821081831
P  -5.98821081831
offset  -69.4422920706
------iteration 11 ---------
xit,yit
5 -5
[32, 32, 32, 30, 31, 29, 32, 32, 29, 30, 30, 30, 29, 30, 12, 30, 30, 30, 28, 30, 28, 29, 26, 27, 26, 27, 26, 25, 24, 25, 24, 24, 23, 23, 22, 22, 21, 21, 19, 0, 17, 19, 19, 18, 17, 17, 16, 17, 15, 14, 13, 14, 13, 12, 12, 12, 11, 10, 10, 29, 9, 28, 8, 29]
left899
right530
offset-7.09119496855
P  -7.09119496855
offset  -75.8989462266
------iteration 12 ---------
xit,yit
5 -5
[32, 32, 32, 32, 31, 30, 32, 31, 32, 31, 29, 31, 31, 30, 11, 31, 30, 30, 29, 29, 27, 29, 27, 27, 27, 27, 25, 25, 25, 25, 24, 24, 23, 23, 22, 22, 21, 21, 20, 0, 18, 19, 19, 18, 17, 17, 16, 17, 15, 14, 13, 14, 13, 12, 13, 12, 11, 10, 27, 27, 9, 28, 8, 29]
left908
right548
offset-6.79012345679
P  -6.79012345679
offset  -82.0009921708
------iteration 13 ---------
xit,yit
5 -5
[32, 32, 31, 30, 32, 29, 31, 29, 28, 32, 30, 31, 30, 31, 30, 32, 29, 31, 28, 29, 28, 29, 27, 27, 27, 27, 26, 25, 25, 25, 24, 24, 23, 23, 22, 22, 21, 21, 20, 19, 17, 19, 19, 18, 17, 17, 16, 17, 15, 14, 13, 14, 13, 12, 13, 12, 11, 10, 10, 29, 9, 29, 8, 29]
left921
right552
offset-6.87966101695
P  -6.87966101695
offset  -88.1285445006
------iteration 14 ---------
xit,yit
5 -5
[32, 31, 32, 32, 32, 31, 32, 30, 31, 32, 31, 31, 32, 31, 31, 31, 29, 30, 29, 29, 28, 29, 27, 27, 27, 27, 26, 25, 25, 25, 24, 24, 23, 23, 22, 22, 21, 21, 19, 0, 19, 19, 19, 18, 17, 17, 16, 17, 15, 14, 14, 14, 13, 11, 13, 12, 11, 10, 29, 29, 9, 28, 8, 31]
left933
right554
offset-6.99966420416
P  -6.99966420416
offset  -94.31571987
------iteration 15 ---------
xit,yit
5 -5
[32, 32, 31, 31, 30, 30, 32, 31, 31, 31, 30, 31, 30, 31, 13, 29, 29, 30, 9, 27, 27, 27, 25, 27, 27, 27, 25, 25, 25, 24, 23, 24, 23, 23, 21, 22, 21, 21, 20, 0, 19, 19, 19, 18, 17, 17, 16, 17, 15, 14, 13, 14, 13, 12, 13, 12, 11, 10, 10, 28, 9, 24, 27, 30]
left876
right548
offset-6.32538569425
P  -6.32538569425
offset  -99.7679450076
------iteration 16 ---------
xit,yit
5 -5
[32, 31, 32, 29, 32, 30, 32, 30, 29, 32, 29, 31, 29, 31, 29, 31, 28, 11, 28, 28, 27, 29, 27, 27, 27, 27, 26, 26, 25, 25, 24, 24, 23, 23, 21, 22, 21, 21, 19, 0, 18, 19, 19, 18, 17, 17, 16, 17, 15, 14, 13, 14, 12, 11, 13, 12, 11, 10, 10, 29, 28, 24, 8, 29]
left898
right544
offset-6.74168975069
P  -6.74168975069
offset  -105.575209165
------iteration 17 ---------
xit,yit
5 -5
[32, 32, 31, 31, 32, 30, 31, 31, 30, 32, 29, 31, 31, 30, 28, 30, 30, 30, 28, 28, 27, 29, 27, 27, 27, 27, 26, 25, 25, 25, 24, 24, 23, 23, 22, 22, 21, 21, 20, 0, 18, 19, 19, 18, 17, 17, 16, 17, 15, 14, 14, 14, 13, 12, 13, 12, 11, 10, 10, 29, 9, 24, 8, 31]
left920
right532
offset-7.33837689133
P  -7.33837689133
offset  -111.925250862
------iteration 18 ---------
xit,yit
5 -5
[32, 32, 31, 30, 32, 31, 32, 31, 32, 32, 30, 31, 29, 30, 14, 31, 30, 30, 29, 29, 27, 29, 28, 27, 27, 26, 26, 25, 25, 25, 24, 24, 23, 23, 22, 22, 21, 21, 20, 0, 19, 19, 19, 17, 17, 17, 16, 17, 15, 14, 13, 14, 13, 12, 13, 11, 11, 10, 10, 30, 9, 23, 8, 30]
left911
right529
offset-7.28502080444
P  -7.28502080444
offset  -118.164402927
------iteration 19 ---------
xit,yit
5 -5
[32, 32, 30, 30, 31, 30, 31, 29, 29, 32, 29, 30, 12, 11, 11, 12, 30, 29, 28, 28, 27, 28, 25, 26, 27, 27, 25, 25, 25, 25, 24, 24, 23, 23, 22, 22, 21, 21, 19, 0, 18, 19, 19, 18, 17, 17, 16, 17, 15, 14, 13, 14, 13, 12, 13, 12, 11, 10, 10, 28, 9, 28, 7, 29]
left834
right530
offset-6.12005856515
P  -6.12005856515
offset  -123.175667671
------iteration 20 ---------
xit,yit
5 -5
[32, 32, 32, 31, 32, 32, 32, 31, 31, 32, 30, 30, 31, 31, 30, 31, 30, 30, 29, 29, 27, 28, 26, 27, 27, 27, 26, 26, 25, 25, 24, 24, 23, 23, 22, 22, 21, 21, 20, 0, 19, 19, 19, 18, 17, 17, 16, 17, 15, 14, 14, 14, 13, 12, 13, 12, 11, 10, 29, 28, 9, 23, 8, 31]
left930
right550
offset-7.05128205128
P  -7.05128205128
offset  -129.056393631
------iteration 21 ---------
xit,yit
5 -5
[32, 31, 31, 31, 32, 28, 31, 30, 29, 30, 29, 31, 31, 30, 28, 28, 28, 11, 28, 28, 27, 29, 27, 27, 27, 26, 25, 25, 25, 25, 24, 24, 23, 23, 21, 22, 21, 21, 20, 19, 18, 19, 18, 18, 17, 17, 16, 17, 15, 14, 13, 14, 13, 12, 13, 12, 11, 10, 10, 28, 9, 29, 7, 28]
left888
right548
offset-6.50208623088
P  -6.50208623088
offset  -134.338428746
------iteration 22 ---------
xit,yit
5 -5
[32, 31, 31, 29, 32, 30, 30, 29, 29, 32, 29, 30, 31, 29, 12, 31, 27, 11, 28, 29, 27, 29, 28, 27, 27, 27, 25, 25, 24, 25, 24, 24, 23, 23, 22, 22, 20, 21, 19, 0, 18, 19, 19, 18, 17, 17, 16, 17, 15, 14, 13, 14, 13, 12, 13, 12, 11, 10, 10, 28, 9, 23, 7, 31]
left874
right526
offset-6.82596291013
P  -6.82596291013
offset  -139.886028231
------iteration 23 ---------
xit,yit
5 -5
[32, 32, 30, 31, 32, 29, 30, 29, 30, 31, 31, 31, 29, 30, 29, 31, 30, 30, 28, 28, 9, 29, 27, 27, 25, 25, 26, 25, 25, 25, 23, 24, 23, 23, 22, 22, 21, 21, 19, 0, 18, 19, 19, 18, 17, 17, 16, 17, 15, 14, 13, 14, 13, 12, 12, 12, 11, 10, 29, 29, 9, 28, 7, 28]
left893
right548
offset-6.57484407484
P  -6.57484407484
offset  -145.130271653
------iteration 24 ---------
xit,yit
5 -5
[32, 31, 31, 30, 31, 26, 29, 28, 30, 28, 14, 29, 30, 12, 11, 30, 27, 28, 27, 26, 9, 28, 26, 26, 27, 26, 24, 25, 25, 25, 24, 24, 23, 23, 21, 22, 21, 21, 20, 19, 19, 19, 19, 18, 17, 17, 16, 17, 15, 14, 13, 13, 13, 12, 13, 12, 11, 10, 28, 28, 9, 29, 7, 29]
left819
right568
offset-4.9694024478
P  -4.9694024478
offset  -148.714119825
------iteration 25 ---------
xit,yit
5 -5
[32, 32, 31, 30, 32, 30, 32, 30, 30, 31, 16, 31, 30, 30, 29, 32, 29, 29, 29, 27, 29, 29, 26, 27, 27, 27, 26, 25, 25, 25, 24, 24, 23, 23, 22, 22, 21, 21, 19, 0, 19, 19, 19, 18, 17, 17, 15, 17, 15, 14, 14, 14, 13, 12, 13, 12, 11, 10, 28, 28, 27, 28, 7, 31]
left906
right569
offset-6.27454299255
P  -6.27454299255
offset  -153.551215644
------iteration 26 ---------
xit,yit
5 -5
[32, 32, 32, 31, 32, 32, 32, 30, 32, 32, 31, 31, 31, 31, 32, 31, 29, 29, 28, 29, 27, 29, 28, 28, 27, 27, 26, 26, 25, 25, 24, 24, 23, 23, 22, 22, 21, 21, 20, 0, 18, 19, 18, 18, 17, 17, 16, 17, 15, 14, 14, 14, 13, 12, 13, 12, 11, 10, 10, 29, 9, 29, 7, 31]
left935
right535
offset-7.47282608696
P  -7.47282608696
offset  -159.551275004
------iteration 27 ---------
xit,yit
5 -5
[32, 32, 32, 28, 31, 30, 32, 30, 31, 31, 30, 31, 30, 30, 30, 31, 28, 29, 29, 28, 27, 28, 27, 26, 26, 26, 26, 25, 25, 25, 24, 24, 23, 23, 22, 22, 21, 21, 20, 0, 19, 19, 18, 18, 17, 17, 16, 17, 15, 14, 14, 14, 13, 11, 13, 12, 11, 10, 28, 28, 27, 27, 8, 30]
left914
right568
offset-6.41172506739
P  -6.41172506739
offset  -164.442215582
------iteration 28 ---------
xit,yit
5 -5
[32, 32, 30, 31, 31, 29, 32, 30, 32, 31, 30, 31, 30, 30, 28, 31, 29, 30, 28, 28, 26, 29, 28, 26, 27, 26, 26, 26, 25, 25, 24, 24, 23, 23, 22, 22, 21, 21, 19, 0, 19, 19, 18, 18, 17, 17, 16, 17, 15, 14, 13, 14, 12, 12, 13, 12, 11, 10, 10, 28, 9, 28, 8, 31]
left917
right532
offset-7.2966919366
P  -7.2966919366
offset  -170.158602614
------iteration 29 ---------
xit,yit
5 -5
[32, 32, 31, 30, 32, 32, 32, 30, 31, 32, 31, 31, 30, 11, 30, 32, 30, 30, 29, 29, 9, 28, 27, 27, 27, 27, 26, 25, 25, 25, 23, 24, 23, 23, 22, 22, 20, 21, 19, 19, 18, 19, 19, 18, 17, 17, 16, 17, 15, 14, 13, 14, 13, 12, 13, 12, 11, 10, 10, 29, 9, 29, 7, 31]
left890
right552
offset-6.43698060942
P  -6.43698060942
offset  -174.966964116
------iteration 30 ---------
xit,yit
5 -5
[32, 31, 30, 29, 31, 29, 29, 30, 30, 32, 28, 29, 30, 29, 27, 30, 29, 29, 28, 28, 25, 28, 24, 26, 27, 26, 25, 25, 25, 25, 23, 24, 23, 23, 21, 22, 21, 21, 19, 0, 18, 19, 18, 18, 17, 17, 16, 17, 15, 14, 13, 14, 13, 12, 13, 12, 11, 10, 28, 28, 27, 23, 8, 29]
left893
right560
offset-6.29381443299
P  -6.29381443299
offset  -179.575478714
------iteration 31 ---------
xit,yit
5 -5
[32, 32, 32, 31, 31, 29, 30, 30, 30, 31, 29, 30, 30, 31, 28, 31, 28, 30, 9, 28, 25, 29, 26, 26, 27, 26, 26, 25, 25, 25, 23, 24, 23, 23, 22, 22, 21, 21, 20, 19, 18, 19, 18, 18, 17, 17, 16, 17, 15, 14, 13, 14, 13, 12, 13, 12, 11, 10, 28, 28, 9, 24, 8, 30]
left889
right565
offset-6.11950549451
P  -6.11950549451
offset  -183.962167566
------iteration 32 ---------
xit,yit
5 -5
[32, 32, 31, 27, 30, 28, 31, 27, 30, 31, 16, 31, 28, 28, 12, 28, 29, 30, 27, 28, 8, 27, 28, 26, 26, 26, 26, 24, 25, 25, 24, 24, 23, 23, 22, 22, 21, 21, 20, 18, 19, 19, 18, 18, 17, 17, 16, 17, 15, 14, 13, 14, 13, 12, 13, 12, 11, 10, 28, 28, 9, 24, 27, 29]
left845
right583
offset-5.03846153846
P  -5.03846153846
offset  -187.222202484
------iteration 33 ---------
xit,yit
5 -5
[32, 31, 32, 30, 30, 26, 31, 31, 29, 32, 28, 30, 12, 29, 12, 30, 28, 29, 28, 27, 28, 28, 28, 26, 27, 26, 25, 25, 25, 25, 24, 24, 23, 23, 22, 22, 21, 21, 19, 19, 19, 19, 19, 18, 17, 17, 16, 17, 15, 14, 13, 14, 13, 12, 13, 12, 11, 10, 27, 28, 27, 28, 26, 28]
left868
right603
offset-4.94738628649
P  -4.94738628649
offset  -190.347751361
stage 1 performed at 1.69807777682 hertz
