------iteration 0 ---------
[2, 3, 2, 3, 1, 3, 3, 3, 5, 3, 5, 8, 5, 14, 5, 5, 16, 7, 6, 11, 4, 2, 3, 4, 4, 1, 0, 1, 0, 0, 0, 0]
left pixels  70
right pixels  59
error  -0.0419847328244
P  -1.25954198473
I  0
offset  -1.25954198473
------iteration 1 ---------
[5, 3, 3, 3, 1, 3, 1, 1, 4, 5, 4, 5, 6, 5, 3, 5, 11, 7, 6, 5, 4, 2, 3, 1, 3, 0, 0, 1, 0, 0, 0, 0]
left pixels  57
right pixels  43
error  -0.0686274509804
P  -2.05882352941
I  -2.09924331112
offset  -4.15806684054
------iteration 2 ---------
[5, 3, 3, 1, 1, 2, 4, 1, 4, 3, 6, 6, 6, 4, 6, 5, 5, 10, 6, 6, 9, 3, 2, 2, 3, 3, 1, 3, 0, 0, 1, 2]
left pixels  60
right pixels  56
error  -0.0169491525424
P  -0.508474576271
I  -2.17126433959
offset  -2.67973891586
------iteration 3 ---------
[7, 3, 1, 2, 1, 1, 2, 5, 5, 4, 5, 6, 5, 5, 6, 5, 5, 16, 8, 6, 6, 5, 4, 3, 2, 3, 0, 2, 0, 1, 1, 2]
left pixels  63
right pixels  64
error  0.00387596899225
P  0.116279069767
I  -2.19599140973
offset  -2.07971233996
------iteration 4 ---------
[7, 3, 2, 1, 1, 2, 3, 4, 3, 4, 5, 4, 5, 8, 7, 5, 6, 14, 11, 6, 11, 11, 4, 3, 3, 3, 3, 6, 2, 1, 0, 1]
left pixels  64
right pixels  85
error  0.0695364238411
P  2.08609271523
I  -2.18904497827
offset  -0.102952263038
------iteration 5 ---------
[10, 6, 4, 2, 2, 1, 3, 3, 3, 2, 4, 4, 5, 5, 5, 5, 6, 8, 10, 8, 10, 13, 5, 5, 3, 9, 2, 3, 2, 1, 2, 1]
left pixels  64
right pixels  88
error  0.0779220779221
P  2.33766233766
I  -2.05629995197
offset  0.281362385695
------iteration 6 ---------
[10, 9, 10, 6, 5, 3, 5, 5, 8, 4, 6, 2, 5, 5, 5, 4, 7, 5, 5, 6, 6, 10, 12, 10, 6, 10, 4, 3, 3, 2, 3, 1]
left pixels  92
right pixels  93
error  0.00267379679144
P  0.0802139037433
I  -1.88322298856
offset  -1.80300908482
------iteration 7 ---------
[9, 14, 12, 12, 12, 10, 6, 7, 5, 4, 7, 8, 5, 6, 3, 6, 5, 7, 6, 8, 8, 5, 7, 8, 10, 14, 13, 13, 5, 4, 3, 4]
left pixels  126
right pixels  120
error  -0.0120967741935
P  -0.362903225806
I  -1.87661933111
offset  -2.23952255692
------iteration 8 ---------
[18, 18, 17, 11, 14, 12, 11, 12, 9, 8, 9, 8, 8, 7, 6, 6, 6, 7, 6, 6, 9, 6, 9, 6, 7, 6, 6, 7, 10, 11, 11, 7]
left pixels  174
right pixels  120
error  -0.0912162162162
P  -2.73648648649
I  -1.90937353535
offset  -4.64586002184
------iteration 9 ---------
[18, 18, 18, 18, 18, 18, 17, 10, 13, 13, 13, 12, 10, 10, 9, 6, 6, 6, 8, 6, 9, 7, 9, 5, 6, 6, 11, 7, 6, 6, 7, 11]
left pixels  221
right pixels  116
error  -0.154867256637
P  -4.64601769912
I  -2.17536335868
offset  -6.82138105779
------iteration 10 ---------
[18, 18, 18, 18, 18, 18, 18, 17, 18, 18, 9, 15, 15, 16, 14, 15, 12, 9, 14, 7, 8, 5, 11, 11, 7, 6, 11, 7, 7, 7, 7, 7]
left pixels  263
right pixels  136
error  -0.158354114713
P  -4.7506234414
I  -2.66361805525
offset  -7.41424149664
------iteration 11 ---------
[18, 18, 18, 18, 18, 18, 18, 18, 18, 18, 18, 17, 18, 17, 18, 18, 17, 13, 15, 13, 14, 16, 10, 10, 7, 6, 11, 10, 7, 10, 9, 9]
left pixels  286
right pixels  177
error  -0.117204301075
P  -3.51612903226
I  -3.19856373774
offset  -6.71469276999
------iteration 12 ---------
[17, 17, 18, 18, 18, 18, 18, 18, 18, 18, 18, 18, 18, 18, 18, 18, 18, 18, 18, 17, 18, 16, 16, 13, 16, 11, 11, 10, 13, 9, 10, 8]
left pixels  286
right pixels  222
error  -0.0627450980392
P  -1.88235294118
I  -3.61371217961
offset  -5.49606512079
------iteration 13 ---------
[17, 17, 17, 17, 18, 18, 18, 18, 18, 18, 18, 18, 18, 18, 18, 18, 18, 18, 18, 18, 18, 18, 16, 17, 15, 14, 16, 16, 12, 13, 12, 9]
left pixels  284
right pixels  248
error  -0.0337078651685
P  -1.01123595506
I  -3.85084314569
offset  -4.86207910074
------iteration 14 ---------
[18, 17, 17, 18, 18, 18, 18, 18, 18, 18, 18, 18, 18, 18, 18, 18, 18, 18, 17, 17, 18, 18, 18, 18, 18, 18, 18, 17, 8, 16, 15, 15]
left pixels  286
right pixels  267
error  -0.0171171171171
P  -0.513513513514
I  -3.98329375146
offset  -4.49680726498
------iteration 15 ---------
[17, 18, 18, 18, 18, 17, 18, 18, 18, 18, 18, 18, 18, 18, 18, 18, 18, 18, 18, 18, 18, 18, 18, 18, 18, 18, 17, 18, 17, 18, 18, 13]
left pixels  286
right pixels  281
error  -0.00439367311072
P  -0.131810193322
I  -4.05230910256
offset  -4.18411929588
------iteration 16 ---------
[15, 17, 16, 18, 18, 18, 17, 17, 18, 18, 18, 18, 18, 18, 18, 18, 18, 18, 18, 18, 18, 18, 18, 18, 18, 17, 18, 18, 18, 18, 18, 18]
left pixels  280
right pixels  287
error  0.00615114235501
P  0.18453427065
I  -4.07059022324
offset  -3.88605595259
------iteration 17 ---------
[15, 15, 15, 18, 18, 18, 18, 18, 16, 17, 18, 18, 18, 18, 18, 18, 18, 18, 18, 18, 18, 18, 18, 18, 18, 18, 18, 18, 18, 18, 17, 17]
left pixels  276
right pixels  286
error  0.00886524822695
P  0.265957446809
I  -4.04370153796
offset  -3.77774409115
------iteration 18 ---------
[16, 16, 17, 15, 16, 18, 18, 18, 17, 18, 18, 18, 18, 18, 18, 18, 18, 18, 18, 18, 18, 18, 18, 18, 18, 18, 18, 18, 18, 17, 18, 18]
left pixels  277
right pixels  287
error  0.00883392226148
P  0.265017667845
I  -4.00477168945
offset  -3.73975402161
------iteration 19 ---------
[15, 15, 15, 15, 16, 16, 16, 18, 17, 18, 18, 18, 18, 18, 18, 18, 18, 18, 18, 18, 18, 18, 18, 18, 18, 18, 18, 18, 18, 17, 18, 18]
left pixels  269
right pixels  287
error  0.0161290322581
P  0.483870967742
I  -3.96543301256
offset  -3.48156204482
------iteration 20 ---------
[13, 13, 15, 15, 14, 16, 16, 17, 17, 17, 18, 17, 18, 18, 18, 18, 18, 18, 18, 18, 18, 18, 18, 18, 18, 18, 18, 18, 18, 18, 18, 18]
left pixels  260
right pixels  288
error  0.0254545454545
P  0.763636363636
I  -3.89841570888
offset  -3.13477934525
------iteration 21 ---------
[13, 13, 15, 15, 17, 16, 15, 16, 17, 18, 18, 18, 17, 18, 18, 18, 18, 18, 18, 18, 18, 18, 18, 18, 18, 18, 18, 18, 18, 18, 18, 18]
left pixels  262
right pixels  288
error  0.0235507246377
P  0.70652173913
I  -3.78837291905
offset  -3.08185117991
------iteration 22 ---------
[14, 13, 13, 14, 16, 15, 17, 16, 16, 17, 17, 18, 18, 18, 18, 18, 18, 18, 18, 18, 18, 18, 18, 18, 18, 18, 18, 18, 18, 18, 18, 18]
left pixels  258
right pixels  288
error  0.0273722627737
P  0.821167883212
I  -3.67840590518
offset  -2.85723802197
------iteration 23 ---------
[13, 14, 15, 15, 15, 17, 15, 16, 16, 17, 17, 18, 18, 18, 18, 18, 18, 18, 18, 18, 18, 18, 18, 18, 18, 18, 18, 18, 18, 18, 18, 18]
left pixels  260
right pixels  288
error  0.0254545454545
P  0.763636363636
I  -3.55049060944
offset  -2.7868542458
------iteration 24 ---------
[14, 13, 15, 15, 16, 16, 17, 18, 18, 18, 18, 18, 18, 18, 18, 18, 18, 18, 18, 18, 18, 18, 18, 18, 18, 18, 18, 18, 18, 18, 18, 17]
left pixels  268
right pixels  287
error  0.0170556552962
P  0.511669658887
I  -3.42828634577
offset  -2.91661668688
------iteration 25 ---------
[7, 16, 17, 17, 18, 17, 18, 17, 18, 18, 18, 18, 18, 18, 18, 18, 18, 18, 18, 18, 18, 18, 18, 18, 17, 18, 18, 18, 18, 18, 18, 18]
left pixels  271
right pixels  287
error  0.0142857142857
P  0.428571428571
I  -3.34738568617
offset  -2.9188142576
------iteration 26 ---------
[14, 17, 17, 18, 18, 18, 18, 18, 18, 18, 18, 18, 18, 18, 18, 18, 17, 18, 18, 18, 18, 18, 18, 18, 18, 17, 18, 17, 18, 15, 16, 12]
left pixels  282
right pixels  274
error  -0.00716845878136
P  -0.215053763441
I  -3.27667277293
offset  -3.49172653637
------iteration 27 ---------
[17, 17, 17, 17, 17, 18, 18, 18, 18, 18, 18, 18, 18, 18, 18, 18, 18, 18, 18, 18, 18, 18, 18, 14, 14, 16, 14, 13, 12, 18, 10, 14]
left pixels  283
right pixels  251
error  -0.0298507462687
P  -0.89552238806
I  -3.31248365494
offset  -4.208006043
------iteration 28 ---------
[18, 18, 18, 18, 18, 18, 17, 18, 18, 18, 18, 18, 18, 18, 17, 16, 16, 16, 14, 14, 15, 14, 14, 16, 15, 10, 13, 15, 11, 12, 14, 11]
left pixels  284
right pixels  220
error  -0.0632411067194
P  -1.89723320158
I  -3.46076039598
offset  -5.35799359756
------iteration 29 ---------
[18, 18, 18, 18, 18, 18, 18, 18, 18, 15, 17, 15, 12, 15, 12, 15, 16, 16, 16, 13, 12, 12, 12, 13, 11, 11, 12, 12, 9, 10, 9, 10]
left pixels  263
right pixels  194
error  -0.0751633986928
P  -2.25490196078
I  -3.77756563566
offset  -6.03246759645
------iteration 30 ---------
[16, 18, 17, 17, 16, 14, 12, 10, 13, 13, 12, 11, 10, 13, 9, 9, 10, 12, 12, 10, 11, 12, 12, 12, 10, 10, 9, 10, 8, 10, 6, 5]
left pixels  210
right pixels  159
error  -0.0687331536388
P  -2.06199460916
I  -4.15666016141
offset  -6.21865477058
------iteration 31 ---------
[12, 18, 12, 13, 14, 8, 8, 8, 8, 12, 8, 12, 11, 11, 10, 3, 7, 11, 10, 11, 14, 10, 11, 10, 8, 8, 7, 11, 5, 4, 4, 3]
left pixels  168
right pixels  134
error  -0.0559210526316
P  -1.67763157895
I  -4.49016415905
offset  -6.167795738
------iteration 32 ---------
[13, 10, 11, 12, 11, 13, 7, 6, 12, 6, 12, 7, 13, 7, 10, 9, 11, 11, 11, 11, 10, 8, 10, 9, 7, 7, 7, 5, 4, 4, 2, 1]
left pixels  159
right pixels  118
error  -0.073476702509
P  -2.20430107527
I  -4.75355493903
offset  -6.9578560143
------iteration 33 ---------
[12, 12, 5, 9, 9, 10, 6, 1, 8, 4, 12, 4, 9, 9, 7, 9, 5, 11, 13, 11, 10, 9, 10, 9, 9, 9, 12, 5, 5, 3, 2, 1]
left pixels  126
right pixels  124
error  -0.00396825396825
P  -0.119047619048
I  -5.10555107537
offset  -5.22459869442
------iteration 34 ---------
[13, 14, 13, 10, 10, 10, 6, 9, 10, 3, 10, 9, 8, 11, 8, 10, 12, 5, 11, 11, 11, 9, 11, 9, 9, 7, 9, 6, 7, 4, 3, 2]
left pixels  154
right pixels  126
error  -0.0496453900709
P  -1.48936170213
I  -5.12433094952
offset  -6.61369265165
------iteration 35 ---------
[15, 10, 13, 11, 10, 12, 11, 5, 8, 12, 11, 8, 11, 12, 9, 6, 12, 12, 10, 12, 12, 12, 11, 10, 8, 11, 7, 10, 5, 4, 4, 2]
left pixels  164
right pixels  142
error  -0.0357142857143
P  -1.07142857143
I  -5.3640352036
offset  -6.43546377503
------iteration 36 ---------
[13, 16, 9, 15, 14, 11, 10, 8, 7, 11, 14, 9, 11, 10, 11, 8, 10, 10, 9, 12, 11, 11, 11, 10, 7, 8, 9, 7, 5, 4, 3, 2]
left pixels  177
right pixels  129
error  -0.0779220779221
P  -2.33766233766
I  -5.5398362655
offset  -7.87749860316
------iteration 37 ---------
[17, 17, 12, 16, 15, 14, 13, 9, 12, 8, 4, 11, 11, 11, 8, 8, 11, 7, 13, 11, 11, 11, 13, 11, 7, 10, 9, 8, 7, 7, 6, 6]
left pixels  186
right pixels  148
error  -0.0565476190476
P  -1.69642857143
I  -5.93417126254
offset  -7.63059983397
------iteration 38 ---------
[17, 15, 16, 15, 15, 14, 14, 9, 10, 3, 13, 10, 13, 15, 11, 12, 10, 10, 10, 11, 11, 11, 12, 12, 10, 9, 9, 9, 9, 6, 6, 3]
left pixels  202
right pixels  148
error  -0.0767045454545
P  -2.30113636364
I  -6.22249128118
offset  -8.52362764482
------iteration 39 ---------
[18, 16, 18, 18, 15, 17, 13, 14, 14, 12, 13, 8, 11, 11, 11, 10, 17, 7, 12, 11, 11, 12, 12, 13, 10, 12, 10, 9, 8, 7, 6, 7]
left pixels  219
right pixels  164
error  -0.0714285714286
P  -2.14285714286
I  -6.61691990436
offset  -8.75977704722
------iteration 40 ---------
[18, 18, 18, 18, 18, 17, 17, 15, 12, 12, 9, 10, 12, 14, 15, 16, 13, 14, 16, 13, 12, 12, 12, 11, 15, 12, 12, 10, 9, 9, 8, 7]
left pixels  239
right pixels  185
error  -0.0633802816901
P  -1.9014084507
I  -6.98294931217
offset  -8.88435776287
------iteration 41 ---------
[18, 18, 18, 18, 17, 18, 18, 17, 17, 16, 17, 12, 10, 10, 12, 15, 11, 13, 16, 12, 15, 13, 16, 14, 13, 5, 12, 14, 13, 11, 12, 10]
left pixels  251
right pixels  200
error  -0.0562913907285
P  -1.68874172185
I  -7.31562593846
offset  -9.00436766032
------iteration 42 ---------
[18, 17, 17, 18, 17, 18, 18, 17, 17, 18, 16, 17, 16, 16, 15, 13, 15, 12, 15, 13, 14, 13, 16, 11, 9, 5, 13, 12, 11, 16, 12, 12]
left pixels  268
right pixels  199
error  -0.0735607675906
P  -2.20682302772
I  -7.62172540193
offset  -9.82854842965
------iteration 43 ---------
[18, 18, 18, 18, 18, 18, 18, 17, 18, 18, 18, 18, 16, 17, 17, 16, 17, 17, 17, 14, 15, 13, 18, 17, 17, 14, 12, 15, 13, 15, 12, 12]
left pixels  281
right pixels  238
error  -0.0412667946257
P  -1.23800383877
I  -8.03313097483
offset  -9.2711348136
------iteration 44 ---------
[18, 18, 18, 18, 18, 18, 18, 18, 18, 18, 18, 18, 18, 18, 17, 18, 14, 16, 18, 16, 15, 15, 15, 17, 16, 13, 17, 16, 15, 14, 14, 11]
left pixels  287
right pixels  242
error  -0.0423728813559
P  -1.27118644068
I  -8.25889964119
offset  -9.53008608187
------iteration 45 ---------
[16, 16, 18, 18, 18, 18, 18, 17, 18, 18, 18, 18, 18, 18, 18, 18, 18, 18, 18, 17, 18, 17, 17, 13, 17, 11, 16, 17, 17, 14, 16, 10]
left pixels  283
right pixels  254
error  -0.0269016697588
P  -0.807050092764
I  -8.49235224906
offset  -9.29940234182
------iteration 46 ---------
[14, 14, 15, 17, 17, 17, 18, 18, 18, 18, 18, 18, 18, 18, 18, 18, 18, 18, 18, 18, 17, 16, 16, 18, 17, 15, 17, 13, 18, 18, 18, 17]
left pixels  274
right pixels  272
error  -0.00182481751825
P  -0.0547445255474
I  -8.64187292763
offset  -8.69661745318
------iteration 47 ---------
[13, 15, 18, 16, 16, 14, 16, 18, 18, 18, 18, 18, 18, 18, 18, 17, 18, 18, 17, 17, 18, 18, 18, 18, 18, 18, 17, 13, 15, 13, 14, 16]
left pixels  269
right pixels  266
error  -0.00279329608939
P  -0.0837988826816
I  -8.6521471819
offset  -8.73594606458
------iteration 48 ---------
[9, 9, 12, 13, 18, 15, 16, 16, 16, 16, 16, 16, 17, 17, 17, 18, 18, 18, 18, 17, 18, 17, 17, 17, 17, 18, 18, 18, 17, 17, 17, 17]
left pixels  241
right pixels  279
error  0.036398467433
P  1.09195402299
I  -8.66772747397
offset  -7.57577345098
------iteration 49 ---------
[10, 13, 13, 12, 13, 14, 12, 14, 11, 15, 16, 17, 17, 17, 17, 17, 18, 18, 17, 17, 17, 17, 17, 17, 17, 17, 17, 17, 17, 17, 17, 18]
left pixels  228
right pixels  275
error  0.0465346534653
P  1.39603960396
I  -8.46233879725
offset  -7.06629919329
------iteration 50 ---------
[9, 7, 0, 13, 14, 15, 16, 16, 16, 16, 15, 16, 16, 16, 16, 16, 16, 17, 18, 18, 18, 18, 17, 18, 18, 18, 18, 18, 18, 17, 18, 18]
left pixels  217
right pixels  283
error  0.0657370517928
P  1.97211155378
I  -8.20096194782
offset  -6.22885039404
------iteration 51 ---------
[11, 11, 11, 11, 11, 11, 11, 15, 16, 16, 16, 16, 15, 16, 18, 18, 18, 18, 17, 17, 18, 18, 18, 18, 18, 18, 18, 18, 18, 18, 18, 18]
left pixels  223
right pixels  286
error  0.0616438356164
P  1.84931506849
I  -7.82825405214
offset  -5.97893898365
------iteration 52 ---------
[16, 15, 16, 16, 16, 16, 16, 16, 16, 17, 15, 15, 17, 18, 18, 18, 18, 18, 18, 18, 18, 18, 18, 18, 18, 18, 18, 18, 17, 18, 17, 18]
left pixels  261
right pixels  286
error  0.0227686703097
P  0.68306010929
I  -7.48587323855
offset  -6.80281312926
------iteration 53 ---------
[15, 15, 15, 15, 15, 15, 15, 16, 16, 18, 17, 17, 17, 18, 18, 17, 17, 18, 17, 18, 18, 18, 18, 18, 18, 18, 18, 18, 18, 18, 18, 18]
left pixels  259
right pixels  286
error  0.0246800731261
P  0.740402193784
I  -7.35614644656
offset  -6.61574425277
------iteration 54 ---------
[14, 15, 14, 14, 14, 14, 14, 14, 14, 15, 15, 16, 17, 15, 16, 18, 18, 18, 18, 18, 18, 17, 18, 18, 18, 18, 17, 18, 18, 18, 18, 18]
left pixels  239
right pixels  286
error  0.0445920303605
P  1.33776091082
I  -7.21483544308
offset  -5.87707453226
------iteration 55 ---------
[16, 16, 17, 17, 17, 17, 15, 17, 18, 18, 18, 18, 18, 18, 18, 18, 18, 18, 17, 18, 17, 17, 18, 18, 17, 17, 18, 18, 18, 18, 18, 18]
left pixels  276
right pixels  283
error  0.00623885918004
P  0.187165775401
I  -6.96062791057
offset  -6.77346213517
------iteration 56 ---------
[18, 18, 18, 18, 18, 18, 18, 18, 18, 18, 18, 17, 17, 16, 18, 18, 18, 17, 18, 17, 17, 17, 17, 18, 18, 18, 18, 18, 18, 18, 17, 18]
left pixels  284
right pixels  282
error  -0.00176056338028
P  -0.0528169014085
I  -6.9247043764
offset  -6.97752127781
------iteration 57 ---------
[1, 8, 8, 9, 16, 13, 14, 15, 13, 14, 16, 16, 18, 18, 18, 18, 18, 18, 18, 18, 18, 18, 18, 18, 18, 18, 18, 18, 17, 17, 16, 17]
left pixels  215
right pixels  283
error  0.068
P  2.04
I  -6.93487669096
offset  -4.89487669096
------iteration 58 ---------
[10, 7, 5, 5, 4, 9, 6, 5, 11, 5, 9, 10, 9, 10, 6, 10, 9, 12, 12, 14, 14, 15, 14, 15, 17, 17, 18, 18, 18, 18, 18, 18]
left pixels  121
right pixels  247
error  0.17027027027
P  5.10810810811
I  -6.54869160468
offset  -1.44058349657
------iteration 59 ---------
[9, 3, 9, 7, 7, 10, 2, 9, 9, 7, 11, 12, 11, 11, 10, 7, 7, 12, 12, 11, 10, 10, 10, 10, 11, 10, 11, 14, 16, 14, 13, 13]
left pixels  134
right pixels  184
error  0.078125
P  2.34375
I  -5.62928456634
offset  -3.28553456634
------iteration 60 ---------
[11, 7, 7, 5, 8, 9, 5, 8, 9, 4, 8, 8, 11, 12, 11, 14, 9, 7, 11, 11, 15, 15, 17, 12, 7, 15, 14, 16, 11, 12, 13, 12]
left pixels  137
right pixels  197
error  0.0892857142857
P  2.67857142857
I  -5.20820042745
offset  -2.52962899888
------iteration 61 ---------
[15, 15, 15, 8, 13, 12, 12, 12, 11, 8, 12, 8, 11, 7, 12, 12, 12, 16, 15, 14, 16, 17, 15, 17, 17, 16, 14, 16, 14, 16, 14, 11]
left pixels  183
right pixels  240
error  0.0670588235294
P  2.01176470588
I  -4.72032293846
offset  -2.70855823258
------iteration 62 ---------
[16, 8, 8, 16, 9, 11, 8, 17, 17, 18, 18, 11, 16, 15, 12, 13, 10, 16, 15, 13, 16, 18, 16, 16, 15, 16, 15, 15, 15, 15, 14, 14]
left pixels  213
right pixels  239
error  0.0286343612335
P  0.859030837004
I  -4.34254622112
offset  -3.48351538411
------iteration 63 ---------
[0, 1, 3, 5, 7, 8, 17, 17, 16, 14, 9, 16, 16, 16, 18, 17, 18, 17, 17, 16, 17, 17, 16, 16, 15, 15, 17, 17, 16, 15, 14, 16]
left pixels  180
right pixels  259
error  0.0895691609977
P  2.68707482993
I  -4.1789181953
offset  -1.49184336537
------iteration 64 ---------
[0, 0, 0, 0, 0, 0, 2, 6, 6, 8, 17, 17, 10, 10, 16, 16, 16, 10, 18, 18, 17, 17, 18, 16, 16, 17, 17, 18, 18, 17, 17, 17]
left pixels  108
right pixels  267
error  0.210875331565
P  6.32625994695
I  -3.66947786571
offset  2.65678208124
------iteration 65 ---------
[0, 0, 0, 0, 0, 1, 0, 0, 0, 0, 1, 2, 5, 7, 7, 10, 18, 17, 11, 12, 11, 14, 16, 17, 18, 18, 17, 17, 16, 17, 18, 17]
left pixels  33
right pixels  254
error  0.382352941176
P  11.4705882353
I  -2.50862418398
offset  8.96196405131
------iteration 66 ---------
[1, 0, 0, 0, 0, 0, 0, 0, 0, 0, 1, 0, 1, 3, 3, 6, 7, 9, 10, 11, 18, 17, 17, 12, 12, 16, 18, 17, 18, 17, 17, 17]
left pixels  15
right pixels  233
error  0.436
P  13.08
I  -0.465658786499
offset  12.6143412135
------iteration 67 ---------
[0, 2, 0, 0, 0, 1, 0, 2, 1, 0, 0, 0, 0, 0, 0, 0, 0, 2, 4, 5, 6, 8, 10, 11, 12, 17, 17, 17, 16, 16, 16, 17]
left pixels  6
right pixels  174
error  0.461538461538
P  13.8461538462
I  1.83937956714
offset  15.6855334133
------iteration 68 ---------
[0, 0, 0, 0, 0, 2, 0, 0, 0, 1, 0, 0, 0, 1, 1, 0, 0, 0, 3, 0, 2, 4, 4, 5, 7, 9, 11, 11, 12, 17, 17, 17]
left pixels  5
right pixels  119
error  0.452380952381
P  13.5714285714
I  4.24125896249
offset  17.8126875339
------iteration 69 ---------
[0, 1, 0, 0, 0, 1, 0, 0, 0, 1, 2, 0, 0, 0, 0, 0, 3, 0, 0, 1, 0, 1, 3, 0, 1, 2, 3, 4, 7, 8, 8, 10]
left pixels  5
right pixels  51
error  0.396551724138
P  11.8965517241
I  6.47853435536
offset  18.3750860795
------iteration 70 ---------
[0, 0, 0, 0, 0, 0, 1, 0, 0, 0, 0, 0, 2, 0, 0, 1, 0, 1, 0, 0, 4, 2, 0, 2, 0, 7, 0, 0, 1, 2, 7, 5]
left pixels  4
right pixels  31
error  0.364864864865
P  10.9459459459
I  8.44326290801
offset  19.389208854
------iteration 71 ---------
[0, 0, 0, 0, 0, 0, 0, 0, 0, 0, 1, 0, 0, 1, 2, 0, 0, 1, 1, 1, 4, 1, 8, 4, 3, 5, 2, 0, 5, 2, 0, 2]
left pixels  4
right pixels  39
error  0.388888888889
P  11.6666666667
I  10.2201872625
offset  21.8868539291
------iteration 72 ---------
[0, 0, 0, 0, 0, 0, 0, 0, 1, 1, 1, 0, 0, 0, 1, 0, 2, 1, 0, 0, 1, 4, 1, 3, 0, 3, 0, 3, 3, 0, 4, 0]
left pixels  4
right pixels  25
error  0.338709677419
P  10.1612903226
I  11.9477750066
offset  22.1090653291
------iteration 73 ---------
[0, 0, 0, 1, 0, 0, 0, 2, 0, 2, 0, 0, 3, 1, 1, 0, 0, 3, 4, 1, 1, 3, 2, 0, 2, 5, 1, 4, 1, 2, 6, 2]
left pixels  10
right pixels  37
error  0.275510204082
P  8.26530612245
I  13.4323961645
offset  21.6977022869
------iteration 74 ---------
[0, 0, 1, 0, 0, 1, 0, 0, 2, 2, 0, 2, 0, 3, 0, 0, 0, 1, 1, 4, 0, 2, 7, 1, 6, 3, 2, 2, 5, 3, 14, 2]
left pixels  11
right pixels  53
error  0.318181818182
P  9.54545454545
I  14.8017681208
offset  24.3472226662
------iteration 75 ---------
[0, 1, 1, 0, 0, 0, 0, 1, 1, 2, 0, 1, 1, 0, 0, 0, 2, 0, 2, 0, 0, 0, 2, 5, 5, 7, 2, 5, 7, 6, 1, 1]
left pixels  8
right pixels  45
error  0.336363636364
P  10.0909090909
I  16.3557453454
offset  26.4466544363
------iteration 76 ---------
[0, 0, 1, 1, 1, 0, 2, 1, 0, 0, 1, 0, 1, 2, 0, 0, 0, 1, 1, 1, 4, 3, 2, 5, 4, 0, 2, 15, 0, 3, 3, 6]
left pixels  10
right pixels  50
error  0.322580645161
P  9.67741935484
I  17.9993465421
offset  27.6767658969
------iteration 77 ---------
[0, 0, 0, 0, 2, 1, 1, 0, 1, 1, 0, 0, 1, 0, 1, 1, 1, 2, 5, 2, 3, 5, 4, 0, 14, 0, 6, 3, 5, 14, 7, 8]
left pixels  9
right pixels  79
error  0.388888888889
P  11.6666666667
I  19.6221060837
offset  31.2887727504
------iteration 78 ---------
[1, 0, 0, 0, 1, 0, 1, 0, 0, 0, 0, 0, 0, 0, 3, 7, 1, 3, 15, 4, 1, 1, 0, 0, 2, 3, 11, 9, 15, 10, 9, 11]
left pixels  13
right pixels  95
error  0.372727272727
P  11.1818181818
I  21.5780640232
offset  32.7598822051
------iteration 79 ---------
[0, 0, 0, 0, 0, 0, 1, 3, 0, 0, 0, 0, 1, 2, 5, 2, 0, 0, 2, 0, 0, 2, 3, 4, 6, 8, 9, 9, 11, 12, 18, 18]
left pixels  14
right pixels  102
error  0.372881355932
P  11.186440678
I  23.5091876017
offset  34.6956282797
------iteration 80 ---------
[0, 0, 0, 0, 0, 1, 1, 0, 0, 1, 0, 1, 3, 3, 0, 0, 1, 0, 1, 2, 3, 4, 6, 8, 9, 11, 11, 12, 18, 18, 18, 17]
left pixels  10
right pixels  139
error  0.427152317881
P  12.8145695364
I  25.4366154985
offset  38.2511850349
------iteration 81 ---------
[0, 0, 0, 0, 0, 1, 0, 1, 1, 0, 0, 0, 0, 5, 0, 1, 2, 3, 4, 7, 9, 8, 10, 12, 12, 13, 13, 16, 13, 13, 14, 16]
left pixels  9
right pixels  165
error  0.443181818182
P  13.2954545455
I  27.6664187133
offset  40.9618732588
------iteration 82 ---------
[0, 0, 1, 0, 1, 0, 1, 4, 1, 0, 0, 1, 0, 0, 1, 3, 4, 6, 9, 9, 9, 12, 17, 17, 17, 16, 14, 13, 17, 17, 18, 18]
left pixels  13
right pixels  213
error  0.438596491228
P  13.1578947368
I  29.9963397841
offset  43.1542345209
------iteration 83 ---------
[1, 0, 1, 0, 0, 1, 0, 1, 0, 1, 0, 1, 3, 4, 6, 8, 9, 12, 12, 13, 18, 14, 14, 17, 18, 17, 17, 18, 18, 18, 18, 18]
left pixels  27
right pixels  251
error  0.4
P  12.0
I  32.3756573722
offset  44.3756573722
------iteration 84 ---------
[0, 0, 0, 1, 1, 1, 3, 4, 4, 7, 9, 10, 11, 13, 17, 17, 15, 15, 17, 17, 15, 18, 18, 18, 18, 18, 18, 18, 18, 18, 18, 17]
left pixels  98
right pixels  276
error  0.23670212766
P  7.10106382979
I  34.5691969715
offset  41.6702608013
------iteration 85 ---------
[0, 1, 3, 4, 6, 7, 11, 10, 13, 14, 17, 15, 15, 15, 15, 17, 15, 17, 18, 18, 18, 18, 18, 16, 17, 17, 18, 18, 18, 18, 18, 18]
left pixels  163
right pixels  280
error  0.131460674157
P  3.94382022472
I  35.9253325204
offset  39.8691527451
------iteration 86 ---------
[8, 10, 11, 13, 14, 17, 17, 17, 16, 17, 16, 16, 18, 18, 18, 18, 18, 18, 18, 18, 18, 18, 18, 18, 18, 18, 17, 18, 18, 18, 18, 17]
left pixels  244
right pixels  286
error  0.0394736842105
P  1.18421052632
I  36.6662302832
offset  37.8504408095
------iteration 87 ---------
[14, 15, 17, 17, 17, 18, 17, 17, 16, 18, 18, 18, 18, 18, 18, 18, 18, 17, 18, 18, 18, 18, 18, 17, 17, 18, 18, 18, 18, 18, 18, 18]
left pixels  274
right pixels  285
error  0.00980392156863
P  0.294117647059
I  36.9058596532
offset  37.1999773002
------iteration 88 ---------
[16, 16, 16, 17, 16, 16, 18, 18, 18, 18, 18, 18, 18, 18, 18, 17, 16, 17, 18, 18, 18, 18, 18, 18, 18, 18, 18, 18, 18, 17, 17, 18]
left pixels  276
right pixels  283
error  0.00623885918004
P  0.187165775401
I  36.9657165424
offset  37.1528823178
------iteration 89 ---------
[15, 14, 14, 18, 18, 17, 17, 16, 18, 17, 18, 17, 18, 18, 18, 17, 18, 18, 18, 18, 18, 18, 18, 17, 17, 17, 18, 18, 17, 18, 18, 18]
left pixels  270
right pixels  284
error  0.0125899280576
P  0.377697841727
I  37.0038237728
offset  37.3815216145
------iteration 90 ---------
[14, 18, 18, 18, 16, 18, 18, 16, 18, 17, 18, 18, 18, 18, 18, 17, 17, 17, 18, 18, 18, 18, 18, 18, 18, 18, 18, 18, 18, 18, 18, 18]
left pixels  278
right pixels  286
error  0.00706713780919
P  0.212014134276
I  37.0830674776
offset  37.2950816118
------iteration 91 ---------
[18, 18, 16, 18, 17, 18, 17, 17, 18, 17, 18, 18, 18, 18, 18, 17, 18, 17, 17, 18, 18, 18, 18, 18, 18, 18, 18, 18, 18, 17, 17, 17]
left pixels  281
right pixels  283
error  0.0017667844523
P  0.0530035335689
I  37.1265601231
offset  37.1795636567
------iteration 92 ---------
[18, 17, 17, 16, 17, 17, 18, 17, 18, 18, 17, 18, 18, 18, 18, 18, 18, 17, 18, 18, 18, 18, 18, 18, 18, 18, 18, 18, 18, 18, 18, 17]
left pixels  280
right pixels  286
error  0.00528169014085
P  0.158450704225
I  37.137395849
offset  37.2958465532
------iteration 93 ---------
[17, 17, 17, 17, 15, 18, 17, 17, 17, 16, 18, 18, 18, 18, 17, 17, 17, 17, 17, 17, 17, 17, 18, 18, 18, 17, 18, 18, 18, 18, 18, 18]
left pixels  274
right pixels  281
error  0.00628366247756
P  0.188509874327
I  37.1700539302
offset  37.3585638046
------iteration 94 ---------
[15, 18, 18, 17, 16, 18, 18, 17, 18, 17, 18, 17, 18, 18, 18, 18, 18, 18, 18, 18, 17, 17, 17, 17, 18, 18, 18, 18, 18, 18, 17, 18]
left pixels  279
right pixels  283
error  0.00354609929078
P  0.106382978723
I  37.2088659901
offset  37.3152489688
------iteration 95 ---------
[15, 14, 17, 14, 14, 18, 18, 17, 18, 17, 18, 18, 18, 17, 18, 17, 17, 17, 18, 18, 18, 17, 18, 18, 18, 18, 18, 18, 18, 18, 18, 18]
left pixels  268
right pixels  285
error  0.0153153153153
P  0.459459459459
I  37.2315194013
offset  37.6909788608
------iteration 96 ---------
[11, 17, 13, 13, 13, 12, 12, 12, 17, 17, 17, 18, 17, 17, 17, 18, 18, 18, 18, 17, 17, 18, 18, 18, 18, 18, 18, 18, 18, 18, 18, 18]
left pixels  241
right pixels  286
error  0.0425330812854
P  1.27599243856
I  37.3244230865
offset  38.6004155251
------iteration 97 ---------
[0, 0, 1, 3, 5, 5, 7, 17, 17, 10, 10, 15, 15, 12, 15, 9, 16, 17, 18, 18, 17, 17, 17, 17, 18, 18, 18, 18, 18, 16, 17, 18]
left pixels  141
right pixels  278
error  0.16270783848
P  4.88123515439
I  37.5762588854
offset  42.4574940398
------iteration 98 ---------
[0, 1, 0, 1, 1, 1, 0, 1, 2, 5, 6, 18, 17, 9, 9, 9, 11, 12, 12, 7, 16, 18, 18, 17, 17, 17, 17, 18, 18, 18, 17, 18]
left pixels  80
right pixels  251
error  0.256756756757
P  7.7027027027
I  38.5231919821
offset  46.2258946848
------iteration 99 ---------
[1, 0, 2, 0, 0, 1, 1, 1, 0, 0, 0, 0, 1, 3, 4, 5, 17, 6, 6, 6, 6, 6, 6, 6, 7, 13, 13, 18, 17, 17, 18, 18]
left pixels  19
right pixels  180
error  0.400497512438
P  12.0149253731
I  39.9761659401
offset  51.9910913132
------iteration 100 ---------
[0, 0, 0, 0, 0, 0, 0, 2, 2, 2, 2, 1, 0, 0, 0, 2, 2, 5, 6, 17, 7, 7, 7, 7, 9, 8, 6, 9, 13, 18, 18, 18]
left pixels  11
right pixels  157
error  0.429411764706
P  12.8823529412
I  42.0730678157
offset  54.9554207569
------iteration 101 ---------
[0, 0, 1, 0, 0, 0, 0, 1, 0, 1, 0, 2, 0, 0, 0, 0, 1, 1, 2, 4, 6, 6, 7, 18, 17, 8, 8, 8, 8, 8, 7, 15]
left pixels  5
right pixels  124
error  0.454198473282
P  13.6259541985
I  44.3590974754
offset  57.9850516739
------iteration 102 ---------
[0, 0, 0, 0, 0, 1, 0, 1, 0, 0, 1, 0, 0, 1, 0, 0, 0, 0, 0, 0, 1, 3, 4, 6, 7, 8, 18, 9, 9, 9, 9, 11]
left pixels  4
right pixels  94
error  0.45
P  13.5
I  46.6332350508
offset  60.1332350508
------iteration 103 ---------
[0, 0, 0, 0, 0, 1, 0, 0, 0, 1, 2, 2, 2, 0, 2, 0, 0, 0, 0, 4, 1, 0, 1, 3, 4, 6, 8, 8, 9, 17, 10, 10]
left pixels  10
right pixels  81
error  0.381720430108
P  11.4516129032
I  48.9640489391
offset  60.4156618423
------iteration 104 ---------
[0, 0, 0, 0, 0, 0, 1, 1, 1, 0, 0, 0, 0, 0, 1, 4, 0, 0, 1, 0, 5, 0, 1, 1, 2, 4, 5, 7, 8, 9, 10, 17]
left pixels  8
right pixels  70
error  0.3875
P  11.625
I  50.7529586046
offset  62.3779586046
------iteration 105 ---------
[0, 0, 1, 0, 0, 0, 1, 0, 0, 0, 0, 1, 1, 0, 0, 0, 0, 1, 0, 0, 0, 0, 0, 0, 2, 2, 5, 7, 8, 9, 10, 17]
left pixels  4
right pixels  61
error  0.425373134328
P  12.7611940299
I  52.7312351021
offset  65.492429132
------iteration 106 ---------
[0, 1, 0, 0, 0, 0, 0, 0, 0, 0, 1, 0, 1, 0, 1, 0, 1, 0, 0, 0, 1, 0, 0, 1, 3, 7, 5, 7, 8, 10, 17, 17]
left pixels  4
right pixels  77
error  0.439759036145
P  13.1927710843
I  54.8671313997
offset  68.0599024841
------iteration 107 ---------
[0, 1, 0, 0, 0, 0, 0, 0, 0, 0, 0, 0, 2, 0, 0, 0, 0, 0, 0, 7, 0, 0, 0, 1, 4, 4, 6, 7, 8, 18, 10, 11]
left pixels  3
right pixels  76
error  0.450617283951
P  13.5185185185
I  56.9675864015
offset  70.48610492
------iteration 108 ---------
[0, 0, 0, 0, 0, 0, 0, 0, 0, 0, 0, 0, 0, 0, 0, 2, 6, 5, 0, 0, 2, 1, 2, 3, 5, 7, 8, 18, 9, 9, 9, 9]
left pixels  2
right pixels  93
error  0.469072164948
P  14.0721649485
I  59.1921661629
offset  73.2643311113
------iteration 109 ---------
[0, 0, 0, 0, 0, 0, 0, 0, 1, 1, 0, 0, 2, 4, 4, 2, 1, 1, 1, 2, 5, 6, 7, 17, 17, 9, 9, 9, 9, 13, 14, 14]
left pixels  14
right pixels  134
error  0.4
P  12.0
I  61.5632762307
offset  73.5632762307
------iteration 110 ---------
[0, 0, 0, 0, 0, 0, 1, 0, 0, 2, 2, 2, 3, 1, 1, 0, 0, 2, 4, 6, 7, 17, 8, 8, 8, 8, 8, 8, 9, 10, 16, 18]
left pixels  12
right pixels  137
error  0.413907284768
P  12.417218543
I  63.6906128319
offset  76.1078313749
------iteration 111 ---------
[0, 0, 0, 0, 0, 0, 0, 0, 0, 2, 1, 0, 1, 0, 2, 4, 6, 17, 8, 8, 8, 8, 8, 11, 9, 7, 16, 18, 18, 18, 18, 18]
left pixels  10
right pixels  196
error  0.447115384615
P  13.4134615385
I  65.9115767894
offset  79.3250383279
------iteration 112 ---------
[0, 1, 0, 0, 1, 0, 0, 0, 0, 0, 3, 4, 6, 7, 7, 7, 7, 7, 7, 8, 7, 9, 16, 18, 17, 17, 18, 18, 18, 17, 17, 17]
left pixels  36
right pixels  218
error  0.35546875
P  10.6640625
I  68.2907857176
offset  78.9548482176
------iteration 113 ---------
[1, 0, 0, 0, 0, 1, 3, 5, 17, 6, 6, 6, 8, 6, 6, 6, 7, 6, 16, 16, 17, 18, 18, 18, 18, 18, 18, 17, 18, 18, 17, 18]
left pixels  71
right pixels  258
error  0.28247734139
P  8.47432024169
I  70.2784745986
offset  78.7527948403
------iteration 114 ---------
[0, 1, 3, 17, 5, 5, 5, 5, 5, 6, 5, 5, 5, 8, 17, 18, 18, 18, 17, 16, 17, 17, 17, 17, 17, 17, 17, 18, 18, 16, 18, 18]
left pixels  110
right pixels  276
error  0.213917525773
P  6.4175257732
I  71.8644126462
offset  78.2819384194
------iteration 115 ---------
[4, 4, 4, 5, 4, 4, 4, 4, 5, 6, 8, 17, 18, 18, 18, 18, 18, 18, 16, 17, 17, 17, 18, 18, 18, 18, 17, 17, 17, 17, 17, 17]
left pixels  141
right pixels  277
error  0.161904761905
P  4.85714285714
I  73.1154575179
offset  77.9726003751
------iteration 116 ---------
[5, 5, 4, 4, 4, 5, 4, 7, 16, 16, 17, 18, 18, 18, 18, 18, 17, 18, 18, 17, 18, 18, 18, 18, 17, 18, 18, 18, 18, 18, 18, 17]
left pixels  177
right pixels  284
error  0.11555075594
P  3.46652267819
I  74.0688158807
offset  77.5353385589
------iteration 117 ---------
[6, 5, 4, 4, 5, 7, 14, 18, 18, 18, 18, 17, 16, 18, 18, 18, 18, 18, 17, 17, 18, 18, 18, 18, 18, 17, 18, 18, 18, 18, 18, 17]
left pixels  204
right pixels  284
error  0.0816326530612
P  2.44897959184
I  74.7556555793
offset  77.2046351712
------iteration 118 ---------
[4, 4, 5, 7, 15, 17, 18, 18, 18, 16, 18, 18, 15, 17, 17, 17, 18, 18, 17, 18, 17, 18, 18, 18, 17, 17, 18, 18, 18, 18, 17, 17]
left pixels  224
right pixels  282
error  0.0570866141732
P  1.7125984252
I  75.2493197406
offset  76.9619181658
------iteration 119 ---------
[4, 7, 11, 17, 18, 17, 18, 17, 18, 17, 17, 18, 17, 17, 18, 17, 18, 18, 17, 17, 17, 17, 17, 17, 17, 17, 18, 18, 18, 18, 18, 18]
left pixels  248
right pixels  280
error  0.0301886792453
P  0.905660377358
I  75.5962744402
offset  76.5019348176
------iteration 120 ---------
[10, 17, 17, 18, 17, 17, 18, 17, 17, 16, 17, 18, 18, 17, 18, 18, 18, 18, 16, 17, 18, 17, 17, 17, 18, 18, 18, 18, 18, 18, 18, 18]
left pixels  270
right pixels  282
error  0.0108303249097
P  0.324909747292
I  75.7802401382
offset  76.1051498855
------iteration 121 ---------
[17, 18, 17, 18, 18, 18, 17, 17, 17, 17, 17, 17, 17, 18, 18, 18, 18, 18, 18, 17, 17, 16, 16, 17, 17, 18, 18, 18, 18, 18, 18, 18]
left pixels  279
right pixels  280
error  0.000891265597148
P  0.0267379679144
I  75.8472741166
offset  75.8740120845
------iteration 122 ---------
[18, 18, 16, 18, 17, 18, 15, 17, 17, 17, 18, 18, 18, 18, 18, 17, 18, 18, 18, 17, 17, 18, 17, 17, 17, 17, 16, 16, 17, 18, 18, 18]
left pixels  278
right pixels  277
error  -0.000897666068223
P  -0.0269299820467
I  75.8528242566
offset  75.8258942745
------iteration 123 ---------
[15, 13, 16, 17, 18, 16, 18, 17, 16, 17, 17, 17, 17, 18, 18, 18, 17, 16, 17, 17, 16, 17, 17, 17, 17, 17, 17, 18, 18, 17, 17, 17]
left pixels  268
right pixels  272
error  0.00369003690037
P  0.110701107011
I  75.8472589201
offset  75.9579600272
------iteration 124 ---------
[18, 16, 15, 18, 17, 17, 18, 18, 18, 15, 18, 18, 17, 17, 17, 17, 16, 17, 16, 17, 18, 17, 17, 18, 18, 18, 18, 17, 16, 18, 18, 18]
left pixels  274
right pixels  277
error  0.00271247739602
P  0.0813743218807
I  75.8699947491
offset  75.951369071
------iteration 125 ---------
[14, 14, 15, 17, 16, 13, 16, 16, 17, 15, 17, 16, 15, 16, 17, 17, 17, 18, 17, 16, 17, 18, 18, 18, 18, 17, 17, 15, 17, 14, 17, 17]
left pixels  251
right pixels  271
error  0.0190839694656
P  0.572519083969
I  75.8870761063
offset  76.4595951902
------iteration 126 ---------
[14, 16, 15, 16, 15, 17, 17, 16, 18, 16, 16, 17, 16, 18, 13, 17, 16, 16, 15, 17, 18, 17, 18, 17, 17, 16, 18, 18, 18, 18, 18, 18]
left pixels  257
right pixels  275
error  0.0168539325843
P  0.505617977528
I  76.0062561504
offset  76.511874128
------iteration 127 ---------
[15, 14, 15, 16, 15, 17, 16, 15, 17, 15, 15, 17, 17, 17, 16, 17, 17, 18, 17, 17, 18, 18, 18, 18, 18, 18, 18, 18, 18, 18, 18, 18]
left pixels  254
right pixels  285
error  0.0286506469501
P  0.859519408503
I  76.1125580825
offset  76.972077491
------iteration 128 ---------
[16, 15, 13, 17, 14, 16, 16, 17, 17, 15, 17, 17, 17, 18, 18, 17, 16, 17, 18, 17, 18, 18, 18, 18, 18, 18, 18, 18, 18, 18, 18, 18]
left pixels  260
right pixels  284
error  0.021978021978
P  0.659340659341
I  76.2898088341
offset  76.9491494934
------iteration 129 ---------
[13, 17, 15, 13, 15, 15, 16, 17, 17, 16, 17, 17, 16, 17, 18, 17, 18, 18, 17, 18, 18, 18, 18, 18, 18, 18, 18, 18, 18, 18, 18, 18]
left pixels  256
right pixels  287
error  0.0284403669725
P  0.853211009174
I  76.4258305201
offset  77.2790415293
------iteration 130 ---------
[12, 13, 12, 14, 18, 15, 15, 16, 17, 17, 18, 17, 18, 18, 18, 18, 18, 18, 18, 18, 18, 18, 18, 18, 17, 18, 18, 18, 18, 18, 18, 18]
left pixels  256
right pixels  287
error  0.0284403669725
P  0.853211009174
I  76.60257049
offset  77.4557814991
------iteration 131 ---------
[15, 18, 16, 17, 18, 18, 18, 18, 18, 18, 18, 17, 18, 18, 17, 18, 18, 18, 18, 18, 18, 18, 18, 18, 18, 18, 18, 18, 18, 18, 18, 18]
left pixels  280
right pixels  288
error  0.00701754385965
P  0.210526315789
I  76.778906253
offset  76.9894325688
------iteration 132 ---------
[18, 18, 18, 17, 17, 18, 18, 18, 18, 18, 18, 18, 18, 18, 18, 18, 18, 18, 18, 18, 18, 18, 18, 18, 18, 18, 18, 18, 18, 18, 18, 18]
left pixels  286
right pixels  288
error  0.00173611111111
P  0.0520833333333
I  76.8207219807
offset  76.872805314
------iteration 133 ---------
[18, 18, 17, 18, 18, 18, 18, 18, 18, 18, 18, 18, 18, 18, 18, 18, 18, 18, 18, 18, 18, 18, 18, 18, 18, 18, 18, 18, 18, 18, 18, 18]
left pixels  287
right pixels  288
error  0.000866551126516
P  0.0259965337955
I  76.8314951222
offset  76.857491656
------iteration 134 ---------
[18, 18, 18, 18, 18, 18, 18, 18, 18, 18, 18, 18, 18, 18, 18, 18, 18, 18, 18, 18, 18, 18, 18, 18, 18, 18, 18, 18, 18, 18, 18, 18]
left pixels  288
right pixels  288
error  0.0
P  0.0
I  76.8368994529
offset  76.8368994529
------iteration 135 ---------
[18, 16, 18, 17, 18, 18, 18, 18, 18, 18, 18, 18, 18, 18, 18, 18, 18, 18, 18, 18, 18, 18, 18, 18, 18, 18, 18, 18, 18, 18, 18, 18]
left pixels  285
right pixels  288
error  0.00260869565217
P  0.0782608695652
I  76.8368994529
offset  76.9151603225
------iteration 136 ---------
[16, 16, 17, 17, 18, 18, 18, 18, 18, 18, 18, 18, 18, 18, 18, 18, 18, 18, 18, 18, 18, 18, 18, 18, 18, 18, 18, 18, 18, 18, 18, 18]
left pixels  282
right pixels  288
error  0.00524475524476
P  0.157342657343
I  76.8531790462
offset  77.0105217036
------iteration 137 ---------
[16, 16, 16, 17, 18, 18, 18, 18, 18, 18, 18, 18, 18, 18, 18, 18, 18, 18, 18, 18, 18, 18, 18, 18, 18, 18, 18, 18, 18, 18, 18, 18]
left pixels  281
right pixels  288
error  0.0061295971979
P  0.183887915937
I  76.8861469486
offset  77.0700348646
------iteration 138 ---------
[18, 18, 18, 18, 18, 18, 18, 17, 17, 18, 18, 18, 18, 18, 18, 18, 18, 18, 18, 18, 18, 18, 18, 18, 18, 18, 17, 18, 18, 18, 18, 18]
left pixels  286
right pixels  287
error  0.000869565217391
P  0.0260869565217
I  76.9252680918
offset  76.9513550483
------iteration 139 ---------
[18, 18, 18, 16, 18, 18, 18, 18, 18, 18, 18, 18, 18, 18, 18, 18, 18, 18, 18, 18, 18, 18, 18, 18, 18, 18, 18, 18, 18, 18, 18, 18]
left pixels  286
right pixels  288
error  0.00173611111111
P  0.0520833333333
I  76.9307091917
offset  76.982792525
------iteration 140 ---------
[18, 18, 18, 18, 17, 18, 17, 18, 18, 18, 18, 18, 18, 18, 18, 18, 18, 18, 18, 18, 18, 18, 18, 18, 18, 18, 18, 18, 18, 18, 18, 18]
left pixels  286
right pixels  288
error  0.00173611111111
P  0.0520833333333
I  76.9415640051
offset  76.9936473385
------iteration 141 ---------
[18, 18, 18, 18, 18, 18, 18, 18, 18, 18, 18, 18, 18, 18, 18, 18, 18, 18, 18, 18, 18, 18, 18, 18, 18, 18, 18, 18, 18, 18, 18, 18]
left pixels  288
right pixels  288
error  0.0
P  0.0
I  76.952453263
offset  76.952453263
------iteration 142 ---------
[18, 18, 17, 18, 18, 18, 18, 17, 18, 17, 18, 18, 18, 18, 18, 18, 18, 18, 18, 18, 18, 18, 18, 18, 18, 18, 18, 18, 18, 18, 18, 18]
left pixels  285
right pixels  288
error  0.00260869565217
P  0.0782608695652
I  76.952453263
offset  77.0307141326
------iteration 143 ---------
[17, 18, 18, 18, 17, 18, 18, 18, 18, 17, 18, 18, 18, 18, 18, 18, 18, 18, 18, 18, 18, 18, 18, 18, 18, 18, 18, 18, 18, 18, 18, 18]
left pixels  285
right pixels  288
error  0.00260869565217
P  0.0782608695652
I  76.9688171754
offset  77.047078045
------iteration 144 ---------
[16, 17, 18, 18, 17, 18, 18, 17, 18, 18, 17, 18, 18, 17, 18, 18, 18, 18, 18, 18, 18, 18, 18, 18, 18, 18, 18, 18, 18, 18, 18, 18]
left pixels  281
right pixels  288
error  0.0061295971979
P  0.183887915937
I  76.9850903271
offset  77.1689782431
------iteration 145 ---------
[8, 7, 10, 12, 12, 13, 13, 14, 17, 18, 17, 18, 18, 18, 18, 18, 18, 18, 18, 18, 18, 18, 18, 18, 18, 18, 18, 18, 18, 18, 18, 18]
left pixels  231
right pixels  288
error  0.0547024952015
P  1.64107485605
I  77.0233107468
offset  78.6643856029
------iteration 146 ---------
[5, 5, 5, 13, 13, 15, 18, 15, 18, 17, 18, 17, 18, 18, 18, 18, 18, 18, 18, 18, 18, 18, 18, 18, 18, 18, 18, 18, 18, 17, 16, 18]
left pixels  231
right pixels  285
error  0.0521235521236
P  1.56370656371
I  77.3632537647
offset  78.9269603284
------iteration 147 ---------
[6, 8, 6, 10, 9, 14, 16, 17, 18, 18, 18, 17, 18, 18, 18, 18, 18, 18, 18, 18, 18, 18, 18, 17, 17, 15, 17, 16, 15, 16, 15, 16]
left pixels  229
right pixels  270
error  0.0409181636727
P  1.22754491018
I  77.6865387597
offset  78.9140836699
------iteration 148 ---------
[4, 8, 13, 16, 16, 16, 17, 17, 16, 18, 18, 18, 18, 18, 18, 18, 17, 18, 18, 16, 17, 17, 12, 17, 16, 17, 13, 14, 16, 15, 16, 8]
left pixels  249
right pixels  247
error  -0.00200803212851
P  -0.0602409638554
I  77.9391091651
offset  77.8788682012
------iteration 149 ---------
[16, 17, 18, 18, 18, 18, 17, 18, 18, 17, 18, 18, 18, 18, 18, 17, 14, 16, 16, 13, 13, 9, 14, 17, 18, 16, 12, 13, 16, 14, 15, 15]
left pixels  282
right pixels  231
error  -0.0495145631068
P  -1.4854368932
I  77.9266907123
offset  76.4412538191
------iteration 150 ---------
[18, 18, 18, 18, 17, 18, 17, 15, 17, 14, 17, 14, 10, 12, 9, 8, 11, 8, 5, 7, 10, 8, 9, 9, 15, 10, 13, 13, 12, 9, 8, 5]
left pixels  240
right pixels  152
error  -0.111675126904
P  -3.35025380711
I  77.6184708674
offset  74.2682170603
------iteration 151 ---------
[16, 17, 15, 16, 14, 12, 8, 7, 8, 5, 5, 7, 4, 5, 3, 5, 5, 8, 5, 6, 6, 8, 16, 9, 11, 9, 15, 5, 3, 0, 1, 0]
left pixels  147
right pixels  107
error  -0.078125
P  -2.34375
I  76.9561273633
offset  74.6123773633
------iteration 152 ---------
[12, 11, 8, 7, 6, 1, 4, 2, 7, 3, 7, 5, 4, 5, 7, 6, 6, 6, 5, 6, 9, 10, 5, 4, 3, 1, 0, 0, 1, 4, 3, 1]
left pixels  95
right pixels  64
error  -0.0962732919255
P  -2.88819875776
I  76.5050973947
offset  73.6168986369
------iteration 153 ---------
[10, 6, 5, 3, 1, 1, 1, 5, 5, 3, 5, 2, 1, 5, 8, 5, 9, 6, 5, 4, 4, 3, 0, 0, 1, 0, 4, 1, 8, 0, 4, 6]
left pixels  66
right pixels  55
error  -0.0447154471545
P  -1.34146341463
I  75.9832939506
offset  74.641830536
------iteration 154 ---------
[0, 0, 1, 2, 1, 2, 1, 1, 2, 0, 0, 0, 0, 1, 0, 0, 3, 4, 5, 2, 0, 1, 9, 1, 4, 4, 10, 1, 1, 7, 4, 1]
left pixels  11
right pixels  57
error  0.328571428571
P  9.85714285714
I  75.7412939354
offset  85.5984367926
------iteration 155 ---------
[1, 2, 2, 1, 0, 2, 0, 2, 0, 2, 1, 5, 5, 3, 12, 1, 0, 0, 9, 1, 3, 6, 6, 8, 4, 0, 1, 4, 1, 0, 3, 2]
left pixels  39
right pixels  48
error  0.0505617977528
P  1.51685393258
I  77.4148894802
offset  78.9317434128
------iteration 156 ---------
[0, 0, 2, 3, 1, 1, 1, 0, 0, 0, 0, 0, 2, 2, 0, 0, 3, 4, 5, 3, 6, 7, 0, 7, 1, 0, 1, 0, 2, 1, 3, 1]
left pixels  12
right pixels  44
error  0.275862068966
P  8.27586206897
I  77.680721165
offset  85.956583234
------iteration 157 ---------
[1, 1, 2, 2, 0, 1, 3, 0, 0, 0, 0, 3, 0, 7, 0, 0, 0, 5, 3, 5, 9, 8, 6, 8, 2, 6, 7, 0, 0, 3, 3, 5]
left pixels  20
right pixels  70
error  0.271739130435
P  8.15217391304
I  79.1285003761
offset  87.2806742891
------iteration 158 ---------
[0, 1, 0, 0, 0, 2, 0, 0, 3, 0, 3, 5, 5, 4, 0, 1, 1, 0, 4, 0, 3, 1, 3, 8, 6, 4, 0, 3, 0, 0, 1, 3]
left pixels  24
right pixels  37
error  0.103174603175
P  3.09523809524
I  80.5759891568
offset  83.6712272521
------iteration 159 ---------
[0, 0, 1, 0, 0, 0, 0, 2, 0, 0, 1, 1, 2, 1, 3, 7, 3, 13, 0, 9, 3, 0, 4, 4, 8, 7, 8, 4, 0, 2, 0, 0]
left pixels  18
right pixels  65
error  0.276470588235
P  8.29411764706
I  81.1023971485
offset  89.3965147956
------iteration 160 ---------
[5, 2, 1, 0, 0, 0, 0, 0, 0, 0, 0, 0, 0, 0, 1, 2, 0, 0, 2, 3, 4, 1, 6, 5, 0, 0, 5, 7, 7, 1, 2, 5]
left pixels  11
right pixels  48
error  0.303278688525
P  9.09836065574
I  82.5747820164
offset  91.6731426721
------iteration 161 ---------
[8, 4, 4, 5, 1, 1, 0, 1, 3, 0, 0, 0, 0, 0, 0, 2, 4, 4, 3, 1, 13, 16, 4, 5, 1, 8, 5, 5, 4, 3, 13, 7]
left pixels  29
right pixels  96
error  0.263779527559
P  7.91338582677
I  84.1492088009
offset  92.0625946276
------iteration 162 ---------
[11, 4, 9, 5, 0, 4, 4, 1, 0, 0, 0, 3, 0, 0, 0, 4, 3, 1, 1, 0, 5, 1, 0, 16, 7, 4, 3, 1, 5, 0, 0, 3]
left pixels  45
right pixels  50
error  0.0257731958763
P  0.773195876289
I  85.5767070843
offset  86.3499029605
------iteration 163 ---------
[11, 14, 10, 2, 9, 7, 5, 1, 3, 5, 3, 1, 4, 3, 4, 3, 2, 1, 4, 3, 4, 3, 4, 5, 6, 9, 6, 2, 4, 4, 1, 1]
left pixels  85
right pixels  59
error  -0.0890410958904
P  -2.67123287671
I  85.710042681
offset  83.0388098043
stage 1 performed at 8.16636437707 hertz
